#
#Feature symbol names
#
$0 r4.724
$1 rect22x24.4xr5.5
$2 rect24.4x22xr5.5
$3 rect35.433x59.055
$4 rect39.37x124.016
$5 rect59.055x35.433

#
#Layer features
#
L 0.16404606 0.64798396 0.16404606 0.70467697 0 P 10 
L 0.16404606 0.64798396 0.14160502 0.64798396 0 P 10 
L 0.14160502 0.44325896 0.14160502 0.64798396 0 P 10 
L 0.26404606 0.64798396 0.22388898 0.64798396 0 P 10 
L 0.36404606 0.64798396 0.32388898 0.64798396 0 P 10 
L 0.44633002 0.64798396 0.42388898 0.64798396 0 P 10 
L 0.44633002 0.44325896 0.44633002 0.64798396 0 P 10 
L 0.16404606 0.44325896 0.14160502 0.44325896 0 P 10 
L 0.26404606 0.44325896 0.22388898 0.44325896 0 P 10 
L 0.36404606 0.44325896 0.32388898 0.44325896 0 P 10 
L 0.44633002 0.44325896 0.42388898 0.44325896 0 P 10 
L 0.44829803 0.82720295 0.44829803 0.835694 0 P 10 
L 0.47664498 0.82720295 0.47664498 0.835694 0 P 10 
L 0.37003701 0.81255098 0.37852805 0.81255098 0 P 10 
L 0.37003701 0.78420404 0.37852805 0.78420404 0 P 10 
L 0.51010906 0.43136299 0.51010906 0.42287205 0 P 10 
L 0.48176299 0.43136299 0.48176299 0.42287205 0 P 10 
L 0.2357 0.27860699 0.2357 0.27011604 0 P 10 
L 0.20735305 0.27860699 0.20735305 0.27011604 0 P 10 
L 0.58443297 0.38184203 0.57594203 0.38184203 0 P 10 
L 0.58443297 0.41018799 0.57594203 0.41018799 0 P 10 
L 0.08797707 0.25113297 0.07948602 0.25113297 0 P 10 
L 0.08797707 0.27948002 0.07948602 0.27948002 0 P 10 
L 0.15350207 0.81530699 0.16199301 0.81530699 0 P 10 
L 0.15350207 0.78696004 0.16199301 0.78696004 0 P 10 
L 0.08758297 0.31255098 0.07909203 0.31255098 0 P 10 
L 0.08758297 0.34089705 0.07909203 0.34089705 0 P 10 
L 0.44160502 1.09916496 0.44160502 0.81176299 0 P 10 
L 0.22506998 1.09916496 0.22506998 0.81176299 0 P 10 
L 0.27034498 1.09916496 0.22506998 1.09916496 0 P 10 
L 0.80853406 0.42751102 0.52113297 0.42751102 0 P 10 
L 0.80853406 0.64404705 0.52113297 0.64404705 0 P 10 
L 0.80853406 0.59877096 0.80853406 0.64404705 0 P 10 
L 0.24357402 0.03144803 0.24357402 0.31885 0 P 10 
L 0.46010906 0.03144803 0.46010906 0.31885 0 P 10 
L 0.41483406 0.03144803 0.46010906 0.03144803 0 P 10 
L 0.11168406 0.63262904 0.11168406 0.34522795 0 P 10 
L -0.10485098 0.63262904 -0.10485098 0.34522795 0 P 10 
L -0.05957598 0.63262904 -0.10485098 0.63262904 0 P 10 
P 0.19396604 0.64503199 4 N 11 0
P 0.19396604 0.44621299 4 N 11 0
P 0.29396604 0.64503199 4 N 11 0
P 0.29396604 0.44621299 4 N 11 0
P 0.39396604 0.64503199 4 N 11 0
P 0.39396604 0.44621299 4 N 11 0
P 0.46247106 0.85034596 2 N 12 0
P 0.46247106 0.81255098 2 N 12 0
P 0.39318002 0.79837697 1 N 13 0
P 0.35538504 0.79837697 1 N 13 0
P 0.49593602 0.40821998 2 N 14 0
P 0.49593602 0.44601496 2 N 14 0
P 0.22152707 0.25546398 2 N 14 0
P 0.22152707 0.29325896 2 N 14 0
P 0.56129006 0.39601496 1 N 15 0
P 0.59908602 0.39601496 1 N 15 0
P 0.06483406 0.26530699 1 N 15 0
P 0.10262904 0.26530699 1 N 15 0
P 0.17664498 0.80113297 1 N 13 0
P 0.13884902 0.80113297 1 N 13 0
P 0.06444006 0.32672402 1 N 15 0
P 0.10223504 0.32672402 1 N 15 0
P 0.39829705 0.85900797 3 N 16 0
P 0.26837598 0.85900797 3 N 16 0
P 0.26837598 1.05192205 3 N 16 0
P 0.39829705 1.05192205 3 N 16 0
P 0.56837598 0.470819 5 N 17 0
P 0.56837598 0.60074104 5 N 17 0
P 0.76128898 0.60074104 5 N 17 0
P 0.76128898 0.470819 5 N 17 0
P 0.28688002 0.27160699 3 N 16 0
P 0.41680098 0.27160699 3 N 16 0
P 0.41680098 0.07869301 3 N 16 0
P 0.28688002 0.07869301 3 N 16 0
P 0.06837598 0.39247303 3 N 16 0
P -0.06154498 0.39247303 3 N 16 0
P -0.06154498 0.58538602 3 N 16 0
P 0.06837598 0.58538602 3 N 16 0
