$ 1 0.000005 10.20027730826997 50 5 50 5e-11
r 192 80 192 144 0 82
r 272 192 272 256 0 82
r 352 288 352 352 0 82
r 432 384 432 448 0 82
162 272 80 272 144 2 default-led 1 0 0 0.01
162 352 80 352 144 2 default-led 1 0 0 0.01
162 432 80 432 144 2 default-led 1 0 0 0.01
162 192 192 192 256 2 default-led 1 0 0 0.01
162 352 192 352 256 2 default-led 1 0 0 0.01
162 432 192 432 256 2 default-led 1 0 0 0.01
162 432 288 432 352 2 default-led 1 0 0 0.01
162 272 288 272 352 2 default-led 1 0 0 0.01
162 192 288 192 352 2 default-led 1 0 0 0.01
162 192 384 192 448 2 default-led 1 0 0 0.01
162 272 384 272 448 2 default-led 1 0 0 0.01
162 352 384 352 448 2 default-led 1 0 0 0.01
w 432 144 352 144 0
w 352 144 272 144 0
w 272 144 192 144 0
w -64 144 -176 144 0
w 432 256 352 256 0
w 352 256 272 256 0
w 272 256 192 256 0
w -64 256 -176 256 0
w 432 352 352 352 0
w 352 352 272 352 0
w 272 352 192 352 0
w -64 352 -176 352 0
w 432 448 352 448 0
w 272 448 352 448 0
w 192 448 272 448 0
w -64 448 -176 448 0
w 192 384 160 384 0
w 192 288 160 288 0
w 192 192 160 192 0
w 192 80 160 80 0
w 272 80 240 80 0
w 272 192 240 192 0
w 272 288 240 288 0
w 272 384 240 384 0
w 352 384 320 384 0
w 352 288 320 288 0
w 352 192 320 192 0
w 352 80 320 80 0
w 432 80 400 80 0
w 432 192 400 192 0
w 432 288 400 288 0
w 432 384 400 384 0
w 400 80 400 192 0
w 400 192 400 288 0
w 400 288 400 384 0
w 320 80 320 192 0
w 320 192 320 288 0
w 320 288 320 384 0
w 240 384 240 288 0
w 240 288 240 192 0
w 240 192 240 80 0
w 160 80 160 192 0
w 160 192 160 288 0
w 160 288 160 384 0
s -176 144 -176 80 0 0 false
s -176 256 -176 192 0 1 false
s -176 352 -176 288 0 1 false
s -176 448 -176 384 0 1 false
s -176 448 -272 448 0 1 false
s -176 352 -272 352 0 1 false
s -176 256 -272 256 0 0 false
s -176 144 -272 144 0 1 false
g -272 144 -272 160 0 0
g -272 256 -272 288 0 0
g -272 352 -272 384 0 0
g -272 448 -272 480 0 0
R -176 80 -176 48 0 0 40 3 0 0 0.5
w -176 80 -144 80 0
w -144 80 -144 192 0
w -144 192 -176 192 0
w -144 192 -144 288 0
w -144 288 -176 288 0
w -144 288 -144 384 0
w -144 384 -176 384 0
368 -64 144 -16 144 0 0
368 -64 256 -16 256 0 0
368 -64 352 -16 352 0 0
368 -64 448 0 448 0 0
207 -64 144 -64 96 4 1
207 -64 256 -64 208 4 2
207 -64 352 -64 304 4 3
207 -64 448 -64 400 4 4
w 192 144 128 144 0
w 192 256 128 256 0
w 192 352 112 352 0
w 192 448 128 448 0
207 272 80 272 32 4 2
207 192 80 192 32 4 1
207 352 80 352 32 4 3
207 432 80 432 32 4 4
