#
#Feature symbol names
#
$0 r5.906
$1 r6
$2 r17.717

#
#Layer features
#
L -1.04122776 -0.8276627 -1.04122776 1.97798533 1 P 0 
L -1.04122776 1.97798533 0.88013307 1.97798533 1 P 0 
L 1.08764094 -0.8276627 -1.04122776 -0.8276627 1 P 0 
L 0.88013307 1.97798533 1.78564488 1.97798533 1 P 0 
L 1.78564488 1.97798533 1.78564488 -0.8276627 1 P 0 
L 1.78564488 -0.8276627 0.88013307 -0.8276627 1 P 0 
A -0.21445561 0.72959065 -0.21432884 0.73473839 -0.13571801 0.73022707 0 P 0 Y
A -0.21432884 0.73473839 -0.16023317 0.85891132 -0.01944409 0.72370709 0 P 0 Y
A -0.16023317 0.85891132 -0.18365384 0.89347677 -0.053006 0.95678307 0 P 0 Y
A -0.18365384 0.89347677 -0.19995679 0.96300207 -0.04346663 0.96302333 0 P 0 Y
A -0.19995679 0.96300207 -0.19505256 1.00756083 0.01130049 0.9622999 0 P 0 Y
A -0.19505256 1.00756083 -0.14603406 1.09779911 -0.01348278 0.96736289 0 P 0 Y
A -0.14603406 1.09779911 -0.11210787 1.12551545 -0.00122884 0.95517215 0 P 0 Y
A -0.11210787 1.12551545 -0.10655669 1.12881634 -0.06912234 1.0595438 0 P 0 Y
L -0.10655669 1.12881634 -0.0966498 1.13417008 0 P 0 
A -0.0966498 1.13417008 -0.08987382 1.14139439 -0.03594429 1.08402175 0 P 0 Y
L -0.08987382 1.14139439 -0.07410502 1.15586516 0 P 0 
A -0.07410502 1.15586516 -0.01588504 1.19017293 0.07526437 0.96893986 0 P 0 Y
A -0.01588504 1.19017293 0.03091496 1.2047063 0.0901188 0.93144055 0 P 0 Y
A 0.03091496 1.2047063 0.03879508 1.20600669 0.04765896 1.12776703 0 P 0 Y
L 0.03879508 1.20600669 0.10025502 1.21296969 0 P 0 
A 0.10025502 1.21296969 0.10703238 1.21344252 0.1091187 1.13473002 0 P 0 Y
L 0.10703238 1.21344252 0.60578406 1.22727697 0 P 0 
A 0.60578406 1.22727697 0.72039892 1.22285433 0.64947156 0.87209961 0 P 0 Y
A 0.72039892 1.22285433 0.82884547 1.17651289 0.66422421 0.94133425 0 P 0 Y
A 0.82884547 1.17651289 0.91089774 1.08397618 0.67185827 0.95466614 0 P 0 Y
A 0.91089774 1.08397618 0.94804724 0.97717608 0.60092116 0.91629232 0 P 0 Y
A 0.94804724 0.97717608 0.94890482 0.97081673 0.87050699 0.96348199 0 P 0 Y
L 0.94890482 0.97081673 0.95852894 0.86794872 0 P 0 
A 0.95852894 0.86794872 0.95868652 0.85517549 0.88013297 0.860594 0 P 0 Y
L 0.95868652 0.85517549 0.95689557 0.82921152 0 P 0 
A 0.95689557 0.82921152 0.95591486 0.82112146 0.87834203 0.83462963 0 P 0 Y
L 0.95591486 0.82112146 0.95087392 0.79236142 0 P 0 
A 0.95087392 0.79236142 0.89753346 0.67921732 0.68007648 0.85088022 0 P 0 Y
L 0.89753346 0.67921732 0.89222441 0.41947559 0 P 0 
L 0.89222441 0.41947559 0.88783996 0.34625177 0 P 0 
A 0.88783996 0.34625177 0.89897795 0.33947352 0.81718848 0.21761742 0 P 0 Y
A 0.89897795 0.33947352 0.95325108 0.25716132 0.8285497 0.2339874 0 P 0 Y
A 0.95325108 0.25716132 0.95642431 0.22303199 0.7842128 0.22423258 0 P 0 Y
A 0.95642431 0.22303199 0.95626319 0.21851654 0.87768602 0.223581 0 P 0 Y
L 0.95626319 0.21851654 0.95494656 0.1976562 0 P 0 
A 0.95494656 0.1976562 0.95404567 0.18969882 0.87635699 0.20252392 0 P 0 Y
L 0.95404567 0.18969882 0.95229104 0.17925079 0 P 0 
A 0.95229104 0.17925079 0.94036782 0.14287411 0.80249252 0.20820807 0 P 0 Y
A 0.94036782 0.14287411 0.88654331 0.08547352 0.82376102 0.19828032 0 P 0 Y
A 0.88654331 0.08547352 0.87371171 0.06652274 0.77100748 0.14988337 0 P 0 Y
A 0.87371171 0.06652274 0.84815915 0.0426435 0.77424469 0.14734862 0 P 0 Y
A 0.84815915 0.0426435 0.79930236 -0.0055061 0.72549498 0.11824724 0 P 0 Y
A 0.79930236 -0.0055061 0.79478051 -0.0125689 0.65776181 0.08013425 0 P 0 Y
A 0.79478051 -0.0125689 0.71567096 -0.07006998 0.67650079 0.06698967 0 P 0 Y
A 0.71567096 -0.07006998 0.6778563 -0.07671171 0.66791752 0.09084429 0 P 0 Y
A 0.6778563 -0.07671171 0.67012618 -0.07679715 0.67312215 0.00188602 0 P 0 Y
L 0.67012618 -0.07679715 0.22472579 -0.05983848 0 P 0 
L 0.22472579 -0.05983848 -0.00852392 -0.07935699 0 P 0 
A -0.00852392 -0.07935699 -0.01892677 -0.0795377 -0.01508996 -0.00089104 0 P 0 Y
L -0.01892677 -0.0795377 -0.044069 -0.0795377 0 P 0 
A -0.044069 -0.0795377 -0.05727156 -0.07842293 -0.0440689 -0.00079754 0 P 0 Y
L -0.05727156 -0.07842293 -0.06760059 -0.07709902 0 P 0 
A -0.06760059 -0.07709902 -0.10279941 -0.06699193 -0.04173829 0.07931378 0 P 0 Y
A -0.10279941 -0.06699193 -0.16730394 -0.00830689 -0.05368002 0.05179144 0 P 0 Y
A -0.16730394 -0.00830689 -0.17799646 0.0161814 -0.02370837 0.06897096 0 P 0 Y
A -0.17799646 0.0161814 -0.18146368 0.02615807 -0.10552087 0.04695984 0 P 0 Y
L -0.18146368 0.02615807 -0.1835936 0.03430069 0 P 0 
A -0.1835936 0.03430069 -0.18646693 0.04946624 -0.0509813 0.06728091 0 P 0 Y
L -0.18646693 0.04946624 -0.19241654 0.11089862 0 P 0 
A -0.19241654 0.11089862 -0.18031053 0.19166565 -0.0079311 0.1245373 0 P 0 Y
A -0.18031053 0.19166565 -0.1560376 0.23772254 0.0331501 0.10859213 0 P 0 Y
A -0.1560376 0.23772254 -0.21140157 0.35171467 -0.05681703 0.35635295 0 P 0 Y
L -0.21140157 0.35171467 -0.21445561 0.72959065 0 P 0 
P -0.14185433 0.47839537 2 P 0 0
P -0.14201732 0.50594311 2 P 0 0
P -0.14299537 0.53349085 2 P 0 0
P -0.14340295 0.56136467 2 P 0 0
P -0.14291388 0.58903465 2 P 0 0
P 0.82579045 0.5859373 2 P 0 0
P 0.82530148 0.55814498 2 P 0 0
P 0.82440492 0.53035266 2 P 0 0
P 0.82416033 0.50220157 2 P 0 0
P 0.82367136 0.47457224 2 P 0 0
P 0.28283661 1.14859006 2 P 0 0
P 0.31107559 1.14908671 2 P 0 0
P 0.29883287 0.00710669 2 P 0 0
P 0.32644114 0.00599833 2 P 0 0
P 0.3541501 0.00489006 2 P 0 0
P 0.38226211 0.00428553 2 P 0 0
P 0.40997106 0.00297559 2 P 0 0
P 0.3385563 1.14990787 2 P 0 0
P 0.36614646 1.15078376 2 P 0 0
P 0.39406506 1.1515502 2 P 0 0
P 0.42121722 1.15242608 2 P 0 0
L 0.81429154 0.45754006 0.89300246 0.45754006 0 P 0 
L 0.81708602 0.6003497 0.89592146 0.6003497 0 P 0 
L -0.21344695 0.60478937 -0.13473986 0.60478937 0 P 0 
L -0.21232264 0.46567943 -0.13359803 0.46567943 0 P 0 
L 0.28190157 0.01649931 0.28190157 -0.06201545 0 P 0 
L 0.42767096 0.01104055 0.42767096 -0.06756565 0 P 0 
L 0.2700624 1.13934094 0.2700624 1.21796467 0 P 0 
L 0.43285059 1.14381309 0.43285059 1.22248012 0 P 0 
