#
#Feature symbol names
#
$0 r6
$1 s2.025
$2 rect25.65x28.125xr7.05
$3 rect28.125x25.65xr7.05
$4 rect39.075x62.7
$5 rect42.975x127.65
$6 rect62.7x39.075

#
#Feature attribute names
#
@0 .shave

#
#Layer features
#
P 0.19396604 0.64503199 5 P 10 0
P 0.19396604 0.44621299 5 P 10 0
P 0.29396604 0.64503199 5 P 10 0
P 0.29396604 0.44621299 5 P 10 0
P 0.39396604 0.64503199 5 P 10 0
P 0.39396604 0.44621299 5 P 10 0
P 0.46247106 0.85034596 3 P 11 0
P 0.46247106 0.81255098 3 P 11 0
P 0.39318002 0.79837697 2 P 12 0
P 0.35538504 0.79837697 2 P 12 0
P 0.49593602 0.40821998 3 P 13 0
P 0.49593602 0.44601496 3 P 13 0
P 0.22152707 0.25546398 3 P 13 0
P 0.22152707 0.29325896 3 P 13 0
P 0.56129006 0.39601496 2 P 14 0
P 0.59908602 0.39601496 2 P 14 0
P 0.06483406 0.26530699 2 P 14 0
P 0.10262904 0.26530699 2 P 14 0
P 0.17664498 0.80113297 2 P 12 0
P 0.13884902 0.80113297 2 P 12 0
P 0.06444006 0.32672402 2 P 14 0
P 0.10223504 0.32672402 2 P 14 0
P 0.39829705 0.85900797 4 P 15 0
P 0.26837598 0.85900797 4 P 15 0
P 0.26837598 1.05192205 4 P 15 0
P 0.39829705 1.05192205 4 P 15 0
P 0.56837598 0.470819 6 P 16 0
P 0.56837598 0.60074104 6 P 16 0
P 0.76128898 0.60074104 6 P 16 0
P 0.76128898 0.470819 6 P 16 0
P 0.28688002 0.27160699 4 P 15 0
P 0.41680098 0.27160699 4 P 15 0
P 0.41680098 0.07869301 4 P 15 0
P 0.28688002 0.07869301 4 P 15 0
P 0.06837598 0.39247303 4 P 15 0
P -0.06154498 0.39247303 4 P 15 0
P -0.06154498 0.58538602 4 P 15 0
P 0.06837598 0.58538602 4 P 15 0
L 0.12910453 0.81466427 0.1485935 0.81466427 1 N 0 ;0
L 0.12910453 0.81466427 0.1485935 0.81466427 1 N 0 ;0
A -0.10552096 0.04695994 -0.1071811 0.05330433 0.15408484 0.11828041 0 P 1 Y
A -0.1071811 0.05330433 -0.10840098 0.05974803 -0.0509814 0.067281 0 P 1 Y
L -0.10840098 0.05974803 -0.11388898 0.116681 0 P 1 
A -0.11388898 0.116681 -0.1069314 0.16310827 -0.0079311 0.12453711 0 P 1 Y
A -0.1069314 0.16310827 -0.08244793 0.204675 0.03315 0.10859203 0 P 1 Y
L -0.08244793 0.204675 -0.050569 0.23648297 0 P 1 
L -0.050569 0.23648297 -0.03043396 0.26697303 0 P 1 
A -0.03043396 0.26697303 -0.0295251 0.27145 -0.04319449 0.27189429 0 P 1 N
A -0.0295251 0.27145 -0.03447156 0.27493002 -0.03307234 0.27166339 0 P 1 N
A -0.03447156 0.27493002 -0.03811201 0.27480699 -0.03713465 0.29980886 0 P 1 Y
A -0.03811201 0.27480699 -0.05130797 0.27610098 -0.0386122 0.33763789 0 P 1 Y
L -0.05130797 0.27610098 -0.07399596 0.28156201 0 P 1 
A -0.07399596 0.28156201 -0.09648602 0.29163543 -0.04698396 0.37201191 0 P 1 Y
A -0.09648602 0.29163543 -0.13266398 0.35235098 -0.05683809 0.35639636 0 P 1 Y
L -0.13266398 0.35235098 -0.13571801 0.73022697 0 P 1 
A -0.13571801 0.73022697 -0.09081703 0.81572904 -0.01944409 0.72370709 0 P 1 Y
L -0.09081703 0.81572904 -0.04831496 0.84693602 0 P 1 
A -0.04831496 0.84693602 -0.04706594 0.85019085 -0.0515376 0.85003976 0 P 1 N
A -0.04706594 0.85019085 -0.04749902 0.85365 -0.06628386 0.84954154 0 P 1 N
A -0.04749902 0.85365 -0.04919902 0.85933957 -0.10007677 0.84103888 0 P 1 N
A -0.04919902 0.85933957 -0.051706 0.86559203 -0.14215748 0.82569577 0 P 1 N
L -0.051706 0.86559203 -0.05984232 0.88096398 0 P 1 
A -0.05984232 0.88096398 -0.06313602 0.8855 -0.10135236 0.85428652 0 P 1 N
L -0.06313602 0.8855 -0.06743642 0.88886191 0 P 1 
L -0.06743642 0.88886191 -0.08828297 0.90048504 0 P 1 
A -0.08828297 0.90048504 -0.11295 0.92813602 -0.053006 0.95678307 0 P 1 Y
A -0.11295 0.92813602 -0.12121703 0.96274104 -0.04346722 0.9630252 0 P 1 Y
A -0.12121703 0.96274104 -0.11817943 0.99051585 0.01130069 0.96230167 0 P 1 Y
A -0.11817943 0.99051585 -0.08997687 1.04250354 -0.01348268 0.96736299 0 P 1 Y
A -0.08997687 1.04250354 -0.06912195 1.059544 -0.00122923 0.95517185 0 P 1 Y
L -0.06912195 1.059544 -0.04543396 1.07234498 0 P 1 
L -0.04543396 1.07234498 -0.035944 1.08402205 0 P 1 
L -0.035944 1.08402205 -0.02497697 1.094331 0 P 1 
A -0.02497697 1.094331 0.01396693 1.11731093 0.07526516 0.96894035 0 P 1 Y
A 0.01396693 1.11731093 0.04765906 1.12776703 0.090119 0.93144065 0 P 1 Y
L 0.04765906 1.12776703 0.109119 1.13473002 0 P 1 
L 0.109119 1.13473002 0.61192707 1.14867697 0 P 1 
A 0.61192707 1.14867697 0.70489429 1.14565571 0.64947156 0.87209961 0 P 1 Y
A 0.70489429 1.14565571 0.78331102 1.11227402 0.66422835 0.94133248 0 P 1 Y
A 0.78331102 1.11227402 0.84164154 1.04651161 0.67185827 0.95466614 0 P 1 Y
A 0.84164154 1.04651161 0.87050699 0.96348199 0.60092116 0.91629222 0 P 1 Y
L 0.87050699 0.96348199 0.88013297 0.860594 0 P 1 
L 0.88013297 0.860594 0.87834203 0.83463002 0 P 1 
L 0.87834203 0.83463002 0.87391201 0.80900098 0 P 1 
A 0.87391201 0.80900098 0.8401627 0.73386024 0.68008898 0.85090659 0 P 1 Y
A 0.8401627 0.73386024 0.81939606 0.70985197 0.68819026 0.84432766 0 P 1 Y
L 0.81939606 0.70985197 0.813625 0.42418199 0 P 1 
L 0.813625 0.42418199 0.80550305 0.28853996 0 P 1 
A 0.80550305 0.28853996 0.83755207 0.28251703 0.7980252 0.1604686 0 P 1 Y
A 0.83755207 0.28251703 0.85518445 0.27403533 0.81718937 0.21761693 0 P 1 Y
A 0.85518445 0.27403533 0.87589193 0.24247028 0.8285497 0.2339874 0 P 1 Y
A 0.87589193 0.24247028 0.87768602 0.223581 0.7842128 0.22423278 0 P 1 Y
L 0.87768602 0.223581 0.87635699 0.20252402 0 P 1 
L 0.87635699 0.20252402 0.87498199 0.19419498 0 P 1 
A 0.87498199 0.19419498 0.86924783 0.17666703 0.80249242 0.20820758 0 P 1 Y
A 0.86924783 0.17666703 0.84309114 0.15177726 0.82376102 0.19828032 0 P 1 Y
A 0.84309114 0.15177726 0.82546998 0.14685 0.81348061 0.2236997 0 P 1 Y
A 0.82546998 0.14685 0.82012717 0.12858947 0.75218366 0.15838081 0 P 1 Y
A 0.82012717 0.12858947 0.81260305 0.11617904 0.77100738 0.14988337 0 P 1 Y
A 0.81260305 0.11617904 0.78907106 0.10019902 0.77424469 0.14734862 0 P 1 Y
A 0.78907106 0.10019902 0.77988986 0.08206073 0.71062461 0.12851407 0 P 1 Y
A 0.77988986 0.08206073 0.74062707 0.05465896 0.72546339 0.11821624 0 P 1 Y
A 0.74062707 0.05465896 0.72950207 0.0314625 0.6577622 0.08013484 0 P 1 Y
A 0.72950207 0.0314625 0.69366752 0.00553543 0.67650079 0.06698967 0 P 1 Y
A 0.69366752 0.00553543 0.67312205 0.00188602 0.66791762 0.09084429 0 P 1 Y
L 0.67312205 0.00188602 0.22293406 0.01902697 0 P 1 
L 0.22293406 0.01902697 -0.01508996 -0.00089104 0 P 1 
L -0.01508996 -0.00089104 -0.044069 -0.00070404 0 P 1 
L -0.044069 -0.00070404 -0.05469301 0.00057598 0 P 1 
A -0.05469301 0.00057598 -0.07259656 0.00572559 -0.04173799 0.07931368 0 P 1 Y
A -0.07259656 0.00572559 -0.09782274 0.02874104 -0.05368002 0.05179144 0 P 1 Y
A -0.09782274 0.02874104 -0.10501604 0.04660069 -0.02370817 0.06897047 0 P 1 Y
L -0.10501604 0.04660069 -0.10552096 0.04695994 0 P 1 
L -0.10516998 0.04734498 -0.10521594 0.0475 0 P 1 
