#
#Feature symbol names
#
$0 r1.998

#
#Layer features
#
L 0.87838799 0.89958396 0.87303799 0.94594301 0 P 10 
L 0.69046801 0.00462904 0.69310699 0.005375 0 P 10 
L -0.13108199 0.34145197 -0.13023396 0.33787096 0 P 10 
L 0.84459606 1.04175502 0.84176201 1.04694803 0 P 10 
L 0.68512805 0.00341201 0.68780699 0.00397598 0 P 10 
L -0.09879203 0.90869596 -0.09695994 0.90697795 0 P 10 
L -0.07231102 1.05738504 -0.07543701 1.05513898 0 P 10 
L 0.86673701 0.7843 0.86878002 0.79031801 0 P 10 
L -0.08785295 0.19772598 -0.09042195 0.19415295 0 P 10 
L -0.10516998 0.04734498 -0.10512598 0.04715797 0 P 10 
L -0.03807402 0.25472598 -0.03902195 0.253331 0 P 10 
L 0.84730098 0.74437096 0.85061299 0.74979498 0 P 10 
L -0.01904203 1.09896398 -0.02104902 1.09745896 0 P 10 
L -0.08721398 1.04525699 -0.08995295 1.04255502 0 P 10 
L -0.07399596 0.28156201 -0.07129902 0.280794 0 P 10 
L 0.87746102 0.21513799 0.87761801 0.21935896 0 P 10 
L -0.13483701 0.74090896 -0.13517795 0.73825 0 P 10 
L -0.09081703 0.81572904 -0.09528701 0.81203799 0 P 10 
L -0.04749902 0.85365 -0.04710197 0.85136703 0 P 10 
L -0.10533898 1.02272096 -0.10680699 1.02021102 0 P 10 
L -0.05822894 0.87834902 -0.05651801 0.87535197 0 P 10 
L -0.12776801 0.76678199 -0.12923199 0.76302697 0 P 10 
L -0.071169 0.00509301 -0.06967894 0.00450797 0 P 10 
L -0.02957195 0.27043701 -0.02963701 0.26988799 0 P 10 
L -0.09528701 0.81203799 -0.09947293 0.80832697 0 P 10 
L -0.10632894 0.164906 -0.10765 0.16135502 0 P 10 
L -0.09055797 0.01851201 -0.08898701 0.01685197 0 P 10 
L -0.11047195 0.07722096 -0.10988199 0.07183602 0 P 10 
L -0.03043396 0.26697303 -0.03067697 0.26637598 0 P 10 
L -0.06157697 0.8835 -0.05992894 0.88109104 0 P 10 
L 0.73907205 0.050094 0.73987805 0.052369 0 P 10 
L -0.03304695 0.27497697 -0.03248002 0.27493396 0 P 10 
L -0.09210197 0.28908799 -0.08962096 0.28778002 0 P 10 
L 0.80286398 0.10720295 0.80465 0.10851604 0 P 10 
L 0.75284203 1.12991998 0.74747106 1.13230797 0 P 10 
L 0.71928602 0.01977598 0.721281 0.02166604 0 P 10 
L -0.04253199 0.27497795 -0.040325 0.27485502 0 P 10 
L -0.08614301 0.01418396 -0.08491998 0.01314902 0 P 10 
L 0.80102303 0.10596604 0.80286398 0.10720295 0 P 10 
L 0.78385 0.08858396 0.78503406 0.09084596 0 P 10 
L 0.85845906 0.16170896 0.860106 0.16335098 0 P 10 
L 0.87509606 0.24565502 0.874456 0.24781998 0 P 10 
L 0.85029606 0.27706496 0.84825 0.278156 0 P 10 
L 0.85425404 0.27466102 0.85229902 0.27590098 0 P 10 
L -0.04702795 0.85038396 -0.04704498 0.849519 0 P 10 
L -0.10768701 0.91923602 -0.10566201 0.91644498 0 P 10 
L -0.11146703 0.08801102 -0.11099596 0.08261299 0 P 10 
L -0.05583002 1.06733898 -0.05922402 1.06551398 0 P 10 
L -0.13561102 0.732906 -0.13571801 0.73022697 0 P 10 
L -0.04473494 0.27516998 -0.04253199 0.27497795 0 P 10 
L -0.04912195 0.27573799 -0.046931 0.275425 0 P 10 
L 0.7587 0.06214498 0.76022707 0.06306496 0 P 10 
L 0.81730207 0.12306496 0.81812303 0.12453701 0 P 10 
L -0.11308396 1.00711102 -0.114119 1.004394 0 P 10 
L 0.67778701 0.00228199 0.68011398 0.002575 0 P 10 
L -0.113925 0.13181604 -0.11412795 0.12803799 0 P 10 
L -0.04773799 0.847606 -0.04831496 0.84693602 0 P 10 
L 0.87761801 0.21935896 0.87768602 0.223581 0 P 10 
L 0.65907205 0.00184902 0.66376004 0.00171102 0 P 10 
L -0.09478996 0.023875 -0.09345797 0.02202904 0 P 10 
L -0.072644 0.00571703 -0.071169 0.00509301 0 P 10 
L -0.01334902 1.10291801 -0.017006 1.100431 0 P 10 
L -0.13576102 0.72754498 -0.13574793 0.72486201 0 P 10 
L 0.80956703 0.28814705 0.80550305 0.28853996 0 P 10 
L -0.12527293 0.32403504 -0.12364596 0.32073898 0 P 10 
L -0.11099596 0.08261299 -0.11047195 0.07722096 0 P 10 
L -0.11442795 0.93125502 -0.11295 0.92813602 0 P 10 
L -0.11078996 1.01245404 -0.11197402 1.00979803 0 P 10 
L 0.83664705 0.14942795 0.83883297 0.15014596 0 P 10 
L -0.03296801 0.26242402 -0.03336102 0.261925 0 P 10 
L 0.85673701 1.01478602 0.85457598 1.02029803 0 P 10 
L 0.87635699 0.20252402 0.87684203 0.20671703 0 P 10 
L -0.08828297 0.90048504 -0.08591801 0.89898199 0 P 10 
L -0.03222293 0.26348504 -0.03258799 0.26294498 0 P 10 
L 0.66376004 0.00171102 0.668444 0.00171004 0 P 10 
L -0.12260098 0.777719 -0.12444793 0.774131 0 P 10 
L -0.13266398 0.35235098 -0.13229793 0.3487 0 P 10 
L 0.72908504 0.03085502 0.73044606 0.03284705 0 P 10 
L -0.06445197 0.22402303 -0.06760797 0.22094902 0 P 10 
L 0.85457598 1.02029803 0.85228199 1.025756 0 P 10 
L -0.10370699 0.04233504 -0.10296102 0.04017402 0 P 10 
L 0.76607205 0.06715502 0.768056 0.06876703 0 P 10 
L 0.753981 0.05962795 0.75557598 0.06042697 0 P 10 
L 0.84521201 0.15274705 0.84726398 0.15376998 0 P 10 
L -0.06967894 0.00450797 -0.06817402 0.00396102 0 P 10 
L -0.10531398 0.04771299 -0.10528898 0.04767205 0 P 10 
L 0.821575 0.13221004 0.82214498 0.13379498 0 P 10 
L 0.84825 0.278156 0.84616703 0.27917205 0 P 10 
L -0.03002697 0.26816004 -0.03021703 0.26756801 0 P 10 
L -0.02973494 0.26932303 -0.02986594 0.26874596 0 P 10 
L -0.09834902 0.02971398 -0.09723396 0.02772205 0 P 10 
L -0.11898494 0.98670197 -0.11981801 0.98195295 0 P 10 
L 0.85949104 0.76666604 0.86209104 0.77246801 0 P 10 
L 0.86581506 0.170606 0.867031 0.172569 0 P 10 
L 0.78503406 0.09084596 0.78614803 0.09314203 0 P 10 
L -0.11311398 0.13933701 -0.11358602 0.13558396 0 P 10 
L 0.85375 0.75532303 0.85671004 0.76094902 0 P 10 
L 0.85674803 0.16016004 0.85845906 0.16170896 0 P 10 
L -0.10840098 0.05974803 -0.10816398 0.05807598 0 P 10 
L -0.02877697 1.09104803 -0.030625 1.08934902 0 P 10 
L -0.06313602 0.8855 -0.06157697 0.8835 0 P 10 
L -0.081481 1.050381 -0.08438898 1.04786496 0 P 10 
L 0.73525207 0.04121801 0.73629705 0.04339803 0 P 10 
L -0.10528898 0.04767205 -0.10526398 0.04762303 0 P 10 
L -0.13176998 0.34506496 -0.13108199 0.34145197 0 P 10 
L 0.87656398 0.239031 0.87614705 0.24125699 0 P 10 
L -0.03928799 1.08028002 -0.040894 1.07835295 0 P 10 
L 0.13390906 1.13461801 0.12151604 1.13483799 0 P 10 
L -0.085194 0.20123199 -0.08785295 0.19772598 0 P 10 
L 0.85977805 0.27048504 0.85799803 0.27195404 0 P 10 
L 0.81963002 0.12754902 0.820319 0.12908504 0 P 10 
L 0.86878002 0.79031801 0.87063297 0.79639498 0 P 10 
L 0.03481506 1.12453996 0.03057805 1.12328297 0 P 10 
L -0.10591594 0.04676201 -0.10584695 0.04701201 0 P 10 
L -0.12116496 0.96756004 -0.12121594 0.96515098 0 P 10 
L 0.80803898 0.11136496 0.80963406 0.11289902 0 P 10 
L 0.86922106 0.17664104 0.87019803 0.17874104 0 P 10 
L 0.74574006 0.05622904 0.74741998 0.05683002 0 P 10 
L 0.695719 0.00621102 0.69829902 0.00714104 0 P 10 
L -0.11358602 0.13558396 -0.113925 0.13181604 0 P 10 
L -0.10215994 0.03803002 -0.1013 0.03590797 0 P 10 
L -0.10565197 0.04755295 -0.10562195 0.04761299 0 P 10 
L -0.10995197 0.15413701 -0.11092697 0.15047598 0 P 10 
L 0.87614705 0.24125699 0.87565906 0.24346604 0 P 10 
L 0.02219498 1.12048504 0.01805502 1.11894203 0 P 10 
L 0.03907598 1.125706 0.03481506 1.12453996 0 P 10 
L 0.80164006 1.097581 0.79722598 1.10145896 0 P 10 
L -0.035944 1.08402205 -0.03763701 1.08216998 0 P 10 
L 0.81524606 0.11973602 0.81643504 0.12161604 0 P 10 
L -0.04819695 0.85629104 -0.04749902 0.85365 0 P 10 
L 0.85615502 0.27334596 0.85425404 0.27466102 0 P 10 
L 0.72765797 0.02891102 0.72908504 0.03085502 0 P 10 
L 0.76022707 0.06306496 0.76173002 0.06402598 0 P 10 
L 0.74062707 0.05465896 0.74234203 0.055144 0 P 10 
L 0.85061299 0.74979498 0.85375 0.75532303 0 P 10 
L 0.82363602 0.13862795 0.82406398 0.14026004 0 P 10 
L -0.11411299 0.12046703 -0.11388898 0.116681 0 P 10 
L 0.83633602 0.72878701 0.84016004 0.73386102 0 P 10 
L -0.10571496 0.04740699 -0.10568396 0.04748396 0 P 10 
L -0.07849498 1.05280502 -0.081481 1.050381 0 P 10 
L 0.79521506 0.10272096 0.797194 0.10372402 0 P 10 
L -0.10512598 0.04715797 -0.10508297 0.04693996 0 P 10 
L 0.63855098 1.150694 0.634106 1.150475 0 P 10 
L -0.12922795 0.334331 -0.12806496 0.33083898 0 P 10 
L -0.10820502 1.01766201 -0.10953297 1.015075 0 P 10 
L -0.03243602 1.08761102 -0.03420994 1.08583602 0 P 10 
L -0.10220197 1.02761703 -0.10380394 1.02518996 0 P 10 
L -0.035894 0.27483996 -0.03366998 0.27496201 0 P 10 
L -0.08962096 0.28778002 -0.08709902 0.28655098 0 P 10 
L -0.03258799 0.26294498 -0.03296801 0.26242402 0 P 10 
L -0.09939695 0.03174498 -0.09834902 0.02971398 0 P 10 
L 0.86561102 0.98658898 0.86407904 0.99229498 0 P 10 
L -0.04245502 1.07638799 -0.043969 1.07438504 0 P 10 
L 0.62078898 1.14950404 0.61192707 1.14867697 0 P 10 
L 0.81115699 0.11450404 0.81260305 0.11617904 0 P 10 
L -0.10584695 0.04701201 -0.10578002 0.04722697 0 P 10 
L -0.03336102 0.261925 -0.03376594 0.26145098 0 P 10 
L -0.05992894 0.88109104 -0.05822894 0.87834902 0 P 10 
L -0.11092697 0.15047598 -0.111781 0.14678701 0 P 10 
L 0.87105906 0.25615699 0.86998504 0.25813996 0 P 10 
L -0.03568602 0.25849803 -0.03697293 0.25642697 0 P 10 
L 0.87684203 0.20671703 0.877206 0.21092303 0 P 10 
L -0.10806201 0.30043799 -0.10595502 0.29858002 0 P 10 
L 0.74234203 0.055144 0.74404705 0.05566703 0 P 10 
L 0.703344 0.00928002 0.70579902 0.01049104 0 P 10 
L -0.10550295 0.04776703 -0.105475 0.04778396 0 P 10 
L -0.03067697 0.26637598 -0.030944 0.26578199 0 P 10 
L 0.88011299 0.873619 0.87988602 0.88012697 0 P 10 
L -0.13229793 0.3487 -0.13176998 0.34506496 0 P 10 
L -0.13543396 0.73558199 -0.13561102 0.732906 0 P 10 
L -0.031544 0.26461201 -0.031875 0.26404203 0 P 10 
L 0.71283799 0.01469705 0.71506004 0.01629203 0 P 10 
L -0.08438898 1.04786496 -0.08721398 1.04525699 0 P 10 
L 0.059825 1.13015896 0.053731 1.12903297 0 P 10 
L 0.79114902 0.10095797 0.79319803 0.10179902 0 P 10 
L -0.040325 0.27485502 -0.03811201 0.27480699 0 P 10 
L -0.12806496 0.33083898 -0.12674596 0.32740404 0 P 10 
L 0.86468602 0.26560896 0.86312707 0.26731299 0 P 10 
L -0.13367096 0.74753504 -0.13440295 0.74355797 0 P 10 
L 0.82997205 0.14768799 0.83221201 0.14820098 0 P 10 
L 0.86313297 0.16685 0.86451604 0.16869803 0 P 10 
L 0.87373504 0.249956 0.872931 0.25206102 0 P 10 
L -0.11562795 0.30846201 -0.11325197 0.30566004 0 P 10 
L 0.87952106 0.88662598 0.87838799 0.89958396 0 P 10 
L 0.79319803 0.10179902 0.79521506 0.10272096 0 P 10 
L -0.02689301 1.09270896 -0.02877697 1.09104803 0 P 10 
L -0.08591801 0.89898199 -0.081156 0.89615502 0 P 10 
L 0.87691102 0.236794 0.87656398 0.239031 0 P 10 
L 0.84405 0.28011604 0.84190502 0.28098799 0 P 10 
L -0.09723396 0.02772205 -0.09604793 0.02577402 0 P 10 
L -0.13055896 0.75922096 -0.13174498 0.755369 0 P 10 
L 0.84985502 1.03115502 0.84729301 1.03648898 0 P 10 
L -0.13517795 0.73825 -0.13543396 0.73558199 0 P 10 
L 0.82551398 1.07163297 0.82184104 1.076281 0 P 10 
L 0.86881604 0.26007598 0.86754803 0.26195896 0 P 10 
L 0.860106 0.16335098 0.86166299 0.16506604 0 P 10 
L -0.051706 0.86559203 -0.05033996 0.86233898 0 P 10 
L 0.82772303 0.14723799 0.82997205 0.14768799 0 P 10 
L 0.64299902 1.15084705 0.63855098 1.150694 0 P 10 
L 0.797194 0.10372402 0.799131 0.104806 0 P 10 
L 0.83973799 0.28178799 0.83755207 0.28251703 0 P 10 
L 0.80550305 0.28853996 0.813625 0.42418199 0 P 10 
L -0.10789203 0.05640896 -0.10757697 0.05474803 0 P 10 
L 0.87303799 0.94594301 0.87229203 0.95180295 0 P 10 
L -0.101556 0.2951 -0.099269 0.29347904 0 P 10 
L 0.77987303 0.08204803 0.78126998 0.084181 0 P 10 
L -0.10816398 0.05807598 -0.10789203 0.05640896 0 P 10 
L 0.77840305 0.07996496 0.77987303 0.08204803 0 P 10 
L -0.07129902 0.280794 -0.06858396 0.28010295 0 P 10 
L 0.84190502 0.28098799 0.83973799 0.28178799 0 P 10 
L 0.69829902 0.00714104 0.70084203 0.00816398 0 P 10 
L -0.10296102 0.04017402 -0.10215994 0.03803002 0 P 10 
L -0.10526398 0.04762303 -0.10523996 0.04756604 0 P 10 
L -0.02986594 0.26874596 -0.03002697 0.26816004 0 P 10 
L -0.09604793 0.02577402 -0.09478996 0.023875 0 P 10 
L -0.11695994 0.93767795 -0.11576496 0.93443799 0 P 10 
L -0.12046201 0.97717402 -0.12091201 0.97237402 0 P 10 
L 0.87991998 0.85408701 0.88013297 0.860594 0 P 10 
L 0.83221201 0.14820098 0.83443799 0.148781 0 P 10 
L 0.7718 0.07222598 0.77356004 0.07406398 0 P 10 
L -0.05321801 0.86889705 -0.051706 0.86559203 0 P 10 
L -0.06512894 0.00298199 -0.06254301 0.00225797 0 P 10 
L 0.71721004 0.01798504 0.71928602 0.01977598 0 P 10 
L 0.74154203 1.13475502 0.73554705 1.13701604 0 P 10 
L -0.03248002 0.27493396 -0.03196801 0.27483701 0 P 10 
L 0.74747106 1.13230797 0.74154203 1.13475502 0 P 10 
L 0.78907106 0.10019902 0.79114902 0.10095797 0 P 10 
L -0.06665699 0.00345197 -0.06512894 0.00298199 0 P 10 
L 0.70579902 0.01049104 0.70820305 0.01179705 0 P 10 
L 0.86148898 0.26893799 0.85977805 0.27048504 0 P 10 
L -0.10053494 1.02999902 -0.10220197 1.02761703 0 P 10 
L -0.05130797 0.27610098 -0.04912195 0.27573799 0 P 10 
L -0.10544695 0.04779301 -0.105419 0.04779301 0 P 10 
L -0.02967697 0.272431 -0.02959301 0.271969 0 P 10 
L -0.10523996 0.04756604 -0.10521594 0.0475 0 P 10 
L 0.76847805 1.12178996 0.76335 1.12465797 0 P 10 
L -0.03151102 0.27468799 -0.03110502 0.27448996 0 P 10 
L -0.1013 0.03590797 -0.10038002 0.03381102 0 P 10 
L -0.10350295 0.91375295 -0.10121201 0.91116801 0 P 10 
L -0.08106299 0.01030098 -0.079719 0.00943504 0 P 10 
L 0.81643504 0.12161604 0.81730207 0.12306496 0 P 10 
L -0.06582697 0.88796703 -0.065219 0.88756604 0 P 10 
L 0.82406398 0.14026004 0.82482598 0.14354498 0 P 10 
L 0.87498199 0.19419498 0.87574006 0.19834902 0 P 10 
L 0.87396506 0.18969104 0.87450699 0.19193898 0 P 10 
L 0.72616506 0.02701703 0.72765797 0.02891102 0 P 10 
L 0.146281 1.13411299 0.13390906 1.13461801 0 P 10 
L -0.09880295 1.03233504 -0.10053494 1.02999902 0 P 10 
L 0.87145 0.95765 0.87050699 0.96348199 0 P 10 
L -0.03697293 0.25642697 -0.03807402 0.25472598 0 P 10 
L 0.813625 0.42418199 0.81939606 0.70985197 0 P 10 
L 0.85228199 1.025756 0.84985502 1.03115502 0 P 10 
L -0.02954203 0.270969 -0.02957195 0.27043701 0 P 10 
L 0.80465 0.10851604 0.80637598 0.10990404 0 P 10 
L 0.00989606 1.11555896 0.00588504 1.11371496 0 P 10 
L -0.044175 0.24659104 -0.04509695 0.24527205 0 P 10 
L -0.10765 0.16135502 -0.10885896 0.15776398 0 P 10 
L -0.03985098 0.252175 -0.04059498 0.25119301 0 P 10 
L 0.73987805 0.052369 0.74062707 0.05465896 0 P 10 
L 0.84729301 1.03648898 0.84459606 1.04175502 0 P 10 
L -0.081156 0.89615502 -0.07653799 0.8936 0 P 10 
L -0.10508297 0.04693996 -0.10504203 0.04668898 0 P 10 
L 0.82096703 0.13063898 0.821575 0.13221004 0 P 10 
L 0.86166299 0.16506604 0.86313297 0.16685 0 P 10 
L 0.82482598 0.14354498 0.82546998 0.14685 0 P 10 
L 0.685794 1.14878504 0.67942707 1.14951496 0 P 10 
L 0.673044 1.15009203 0.66664902 1.15051801 0 P 10 
L 0.86701398 0.98085098 0.86561102 0.98658898 0 P 10 
L 0.81260305 0.11617904 0.81396703 0.11792402 0 P 10 
L -0.00583396 1.10756004 -0.00962402 1.105294 0 P 10 
L -0.07070797 0.21781604 -0.07374695 0.21462303 0 P 10 
L 0.68243701 0.00293898 0.68512805 0.00341201 0 P 10 
L -0.10489902 0.16841299 -0.10632894 0.164906 0 P 10 
L -0.11801201 0.94096801 -0.11695994 0.93767795 0 P 10 
L 0.73044606 0.03284705 0.73174301 0.034881 0 P 10 
L -0.06254301 0.00225797 -0.05993996 0.001619 0 P 10 
L -0.12075197 0.95448898 -0.12028996 0.951069 0 P 10 
L 0.77686201 0.07793799 0.77840305 0.07996496 0 P 10 
L -0.08709902 0.28655098 -0.08453996 0.28539902 0 P 10 
L 0.69846004 1.14685 0.69214006 1.14789803 0 P 10 
L 0.79722598 1.10145896 0.79269705 1.10520295 0 P 10 
L -0.10559094 0.04766398 -0.10556102 0.04770699 0 P 10 
L 0.75557598 0.06042697 0.75714902 0.06126604 0 P 10 
L -0.07834902 0.00861004 -0.07695502 0.00782697 0 P 10 
L -0.11419203 0.12425404 -0.11411299 0.12046703 0 P 10 
L -0.02963701 0.26988799 -0.02973494 0.26932303 0 P 10 
L 0.86616102 0.26382402 0.86468602 0.26560896 0 P 10 
L 0.72460502 0.02517598 0.72616506 0.02701703 0 P 10 
L 0.877206 0.21092303 0.87746102 0.21513799 0 P 10 
L 0.799131 0.104806 0.80102303 0.10596604 0 P 10 
L -0.03018494 0.27363002 -0.02997195 0.27326398 0 P 10 
L -0.034181 0.26100502 -0.03568602 0.25849803 0 P 10 
L -0.10595502 0.29858002 -0.10378494 0.2968 0 P 10 
L -0.06456496 0.88701496 -0.06313602 0.8855 0 P 10 
L -0.03366998 0.27496201 -0.03304695 0.27497697 0 P 10 
L -0.06257402 1.06360699 -0.065875 1.06161703 0 P 10 
L -0.09968494 0.17919203 -0.10172293 0.17528002 0 P 10 
L 0.84176201 1.04694803 0.83879104 1.05206102 0 P 10 
L 0.00753602 0.00058297 0.03766604 0.00315502 0 P 10 
L -0.11197402 1.00979803 -0.11308396 1.00711102 0 P 10 
L -0.03376594 0.26145098 -0.034181 0.26100502 0 P 10 
L -0.10920896 0.79786102 -0.11169203 0.79468297 0 P 10 
L -0.07543701 1.05513898 -0.07849498 1.05280502 0 P 10 
L 0.81767598 0.28711801 0.81362707 0.28767697 0 P 10 
L -0.04715699 0.848781 -0.04736801 0.848181 0 P 10 
L -0.07932402 0.28332697 -0.07667195 0.282406 0 P 10 
L -0.10121201 0.91116801 -0.09879203 0.90869596 0 P 10 
L 0.872675 0.18523996 0.87335502 0.18745699 0 P 10 
L -0.10757697 0.05474803 -0.10720699 0.05309705 0 P 10 
L -0.105419 0.04779301 -0.10539203 0.04778602 0 P 10 
L -0.09947293 0.80832697 -0.10328494 0.804625 0 P 10 
L 0.81010699 1.08943297 0.80593602 1.09357096 0 P 10 
L 0.87236398 0.80267697 0.87391201 0.80900098 0 P 10 
L 0.851225 0.15606496 0.85312707 0.15733996 0 P 10 
L -0.06912195 1.059544 -0.07231102 1.05738504 0 P 10 
L 0.75714902 0.06126604 0.7587 0.06214498 0 P 10 
L -0.08194793 0.28432402 -0.07932402 0.28332697 0 P 10 
L -0.12116594 0.960331 -0.12106299 0.95792303 0 P 10 
L -0.12444793 0.774131 -0.12617195 0.77048396 0 P 10 
L -0.11408199 0.79143002 -0.11637195 0.78810404 0 P 10 
L -0.10038002 0.03381102 -0.09939695 0.03174498 0 P 10 
L -0.03044301 0.27395797 -0.03018494 0.27363002 0 P 10 
L 0.854969 0.15870502 0.85674803 0.16016004 0 P 10 
L -0.12063602 0.78124596 -0.12260098 0.777719 0 P 10 
L 0.73728199 0.045606 0.73820699 0.04783898 0 P 10 
L -0.12121703 0.96274104 -0.12116594 0.960331 0 P 10 
L -0.06858396 0.28010295 -0.05999301 0.27793996 0 P 10 
L -0.03196801 0.27483701 -0.03151102 0.27468799 0 P 10 
L -0.065875 1.06161703 -0.06912195 1.059544 0 P 10 
L -0.04059498 0.25119301 -0.04195394 0.24948701 0 P 10 
L -0.04740896 0.24171201 -0.04886594 0.23933898 0 P 10 
L 0.84381604 0.73905797 0.84730098 0.74437096 0 P 10 
L 0.86243701 0.997975 0.86066703 1.00361998 0 P 10 
L -0.07374695 0.21462303 -0.07671998 0.211369 0 P 10 
L -0.05483494 0.872175 -0.05321801 0.86889705 0 P 10 
L 0.07206998 1.13200797 0.059825 1.13015896 0 P 10 
L -0.04915699 0.85921299 -0.04819695 0.85629104 0 P 10 
L 0.73174301 0.034881 0.732975 0.03695699 0 P 10 
L -0.10172293 0.17528002 -0.10336201 0.17187205 0 P 10 
L 0.82184104 1.076281 0.81806398 1.08078504 0 P 10 
L -0.05993996 0.001619 -0.05732293 0.00106004 0 P 10 
L -0.04616299 0.24366801 -0.04740896 0.24171201 0 P 10 
L 0.874456 0.24781998 0.87373504 0.249956 0 P 10 
L -0.11206496 0.09517904 -0.11146703 0.08801102 0 P 10 
L -0.055494 0.84115404 -0.07187293 0.82973199 0 P 10 
L -0.07695502 0.00782697 -0.07553898 0.00708297 0 P 10 
L 0.75813602 1.127369 0.75284203 1.12991998 0 P 10 
L 0.78816604 0.09782303 0.78907106 0.10019902 0 P 10 
L 0.82267707 0.13539498 0.82317402 0.137006 0 P 10 
L -0.10504203 0.04668898 -0.1044 0.04450797 0 P 10 
L -0.13568602 0.722181 -0.13266398 0.35235098 0 P 10 
L -0.10533996 0.04774498 -0.10531398 0.04771299 0 P 10 
L 0.76173002 0.06402598 0.76320502 0.06502795 0 P 10 
L 0.87335502 0.18745699 0.87396506 0.18969104 0 P 10 
L -0.11967795 0.94767096 -0.11891801 0.94430197 0 P 10 
L 0.78805699 1.10880896 0.78331102 1.11227402 0 P 10 
L 0.81362707 0.28767697 0.80956703 0.28814705 0 P 10 
L -0.07187293 0.82973199 -0.08138002 0.82293996 0 P 10 
L -0.13571801 0.73022697 -0.13576102 0.72754498 0 P 10 
L -0.043969 1.07438504 -0.04543396 1.07234498 0 P 10 
L 0.87528002 0.81536299 0.87647106 0.82175699 0 P 10 
L 0.67312205 0.00188602 0.675456 0.00205404 0 P 10 
L -0.12028996 0.951069 -0.11967795 0.94767096 0 P 10 
L 0.872931 0.25206102 0.87204006 0.25412904 0 P 10 
L -0.00198396 1.10971703 -0.00583396 1.10756004 0 P 10 
L 0.82546998 0.14685 0.82772303 0.14723799 0 P 10 
L 0.87109803 0.18087697 0.87192303 0.18304498 0 P 10 
L 0.88019606 0.867106 0.88011299 0.873619 0 P 10 
L -0.04336703 0.24768898 -0.044175 0.24659104 0 P 10 
L 0.87391201 0.80900098 0.87528002 0.81536299 0 P 10 
L 0.87192303 0.18304498 0.872675 0.18523996 0 P 10 
L 0.00588504 1.11371496 0.00192402 1.111769 0 P 10 
L -0.03075 0.27424596 -0.03044301 0.27395797 0 P 10 
L 0.81396703 0.11792402 0.81524606 0.11973602 0 P 10 
L -0.04736801 0.84818199 -0.04773799 0.847606 0 P 10 
L 0.71100098 1.14426102 0.70474803 1.14563898 0 P 10 
L 0.75236703 0.058869 0.753981 0.05962795 0 P 10 
L -0.03871703 -0.00101998 -0.03335502 -0.00117096 0 P 10 
L 0.87955305 0.84758701 0.87991998 0.85408701 0 P 10 
L 0.84016004 0.73386102 0.84381604 0.73905797 0 P 10 
L 0.72337598 1.14099203 0.71721201 1.14271299 0 P 10 
L 0.83243297 1.06203396 0.829044 1.06688199 0 P 10 
L 0.65384803 1.15093199 0.64745 1.15092598 0 P 10 
L -0.03335502 -0.00117096 -0.027994 -0.00119803 0 P 10 
L 0.66024902 1.15079705 0.65384803 1.15093199 0 P 10 
L -0.10578002 0.04722697 -0.10571496 0.04740699 0 P 10 
L -0.04509695 0.24527205 -0.04616299 0.24366801 0 P 10 
L 0.03766604 0.00315502 0.22293406 0.01902697 0 P 10 
L 0.62966398 1.15019803 0.62078898 1.14950404 0 P 10 
L 0.86451604 0.16869803 0.86581506 0.170606 0 P 10 
L 0.867031 0.172569 0.86816604 0.17458297 0 P 10 
L 0.79269705 1.10520295 0.78805699 1.10880896 0 P 10 
L 0.86754803 0.26195896 0.86616102 0.26382402 0 P 10 
L -0.11270502 0.10234301 -0.11206496 0.09517904 0 P 10 
L 0.82214498 0.13379498 0.82267707 0.13539498 0 P 10 
L -0.03420994 1.08583602 -0.035944 1.08402205 0 P 10 
L -0.1044 0.04450797 -0.10370699 0.04233504 0 P 10 
L 0.87565906 0.24346604 0.87509606 0.24565502 0 P 10 
L 0.820319 0.12908504 0.82096703 0.13063898 0 P 10 
L 0.86945699 0.96929498 0.86829498 0.97508602 0 P 10 
L 0.78259606 0.08636102 0.78385 0.08858396 0 P 10 
L 0.61192707 1.14867697 0.146281 1.13411299 0 P 10 
L 0.73629705 0.04339803 0.73728199 0.045606 0 P 10 
L -0.02104902 1.09745896 -0.02302795 1.09591398 0 P 10 
L -0.06760797 0.22094902 -0.07070797 0.21781604 0 P 10 
L -0.04736801 0.848181 -0.04736801 0.84818199 0 P 10 
L 0.12151604 1.13483799 0.109119 1.13473002 0 P 10 
L -0.10566201 0.91644498 -0.10350295 0.91375295 0 P 10 
L 0.86998504 0.25813996 0.86881604 0.26007598 0 P 10 
L -0.12106299 0.95792303 -0.12075197 0.95448898 0 P 10 
L 0.77351801 1.11876801 0.76847805 1.12178996 0 P 10 
L 0.09673406 1.13425098 0.08437904 1.13335699 0 P 10 
L -0.09345797 0.02202904 -0.09204793 0.02023996 0 P 10 
L -0.05566201 0.27695502 -0.05130797 0.27610098 0 P 10 
L -0.05239793 1.06908504 -0.05583002 1.06733898 0 P 10 
L -0.11507795 1.00164902 -0.11595994 0.99887697 0 P 10 
L 0.69310699 0.005375 0.695719 0.00621102 0 P 10 
L -0.10663602 0.80096004 -0.10920896 0.79786102 0 P 10 
L -0.092894 0.19051496 -0.09526496 0.18680896 0 P 10 
L -0.099269 0.29347904 -0.09692894 0.29193701 0 P 10 
L 0.74908504 0.05746998 0.75073504 0.05815 0 P 10 
L 0.87757303 0.23004705 0.87741299 0.23229803 0 P 10 
L 0.87229203 0.95180295 0.87145 0.95765 0 P 10 
L -0.10988199 0.07183602 -0.10921102 0.06646102 0 P 10 
L -0.10328494 0.804625 -0.10663602 0.80096004 0 P 10 
L 0.00192402 1.111769 -0.00198396 1.10971703 0 P 10 
L -0.12091201 0.97237402 -0.12116496 0.96756004 0 P 10 
L 0.76320502 0.06502795 0.76465305 0.06607096 0 P 10 
L -0.11676299 0.996081 -0.11796496 0.99141398 0 P 10 
L -0.050569 0.23648297 -0.057994 0.22999705 0 P 10 
L 0.72949006 1.139094 0.72337598 1.14099203 0 P 10 
L 0.87019803 0.17874104 0.87109803 0.18087697 0 P 10 
L 0.86066703 1.00361998 0.85876703 1.009225 0 P 10 
L 0.83234606 0.72384301 0.83633602 0.72878701 0 P 10 
L 0.85799803 0.27195404 0.85615502 0.27334596 0 P 10 
L 0.71506004 0.01629203 0.71721004 0.01798504 0 P 10 
L -0.02497697 1.094331 -0.02689301 1.09270896 0 P 10 
L -0.050044 0.84533002 -0.05246594 0.843394 0 P 10 
L -0.10921102 0.06646102 -0.10840098 0.05974803 0 P 10 
L -0.065219 0.88756604 -0.06456496 0.88701496 0 P 10 
L -0.09700699 1.03462303 -0.09880295 1.03233504 0 P 10 
L 0.78719203 0.095469 0.78816604 0.09782303 0 P 10 
L -0.00754203 -0.00050098 0 0 0 P 10 
L 0.80593602 1.09357096 0.80164006 1.097581 0 P 10 
L 0.64745 1.15092598 0.64299902 1.15084705 0 P 10 
L -0.11595994 0.99887697 -0.11676299 0.996081 0 P 10 
L 0.78126998 0.084181 0.78259606 0.08636102 0 P 10 
L -0.07667195 0.282406 -0.07399596 0.28156201 0 P 10 
L -0.017006 1.100431 -0.01904203 1.09896398 0 P 10 
L 0.85312707 0.15733996 0.854969 0.15870502 0 P 10 
L 0.668444 0.00171004 0.67312205 0.00188602 0 P 10 
L -0.13023396 0.33787096 -0.12922795 0.334331 0 P 10 
L -0.10953297 1.015075 -0.11078996 1.01245404 0 P 10 
L -0.03110502 0.27448996 -0.03075 0.27424596 0 P 10 
L -0.11576496 0.93443799 -0.11442795 0.93125502 0 P 10 
L 0.82170797 0.28645502 0.81767598 0.28711801 0 P 10 
L 0.675456 0.00205404 0.67778701 0.00228199 0 P 10 
L 0.86312707 0.26731299 0.86148898 0.26893799 0 P 10 
L -0.105475 0.04778396 -0.10544695 0.04779301 0 P 10 
L -0.030944 0.26578199 -0.03123297 0.26519301 0 P 10 
L -0.111781 0.14678701 -0.11251102 0.14307303 0 P 10 
L -0.114119 1.004394 -0.11507795 1.00164902 0 P 10 
L -0.02997195 0.27326398 -0.02980295 0.27286299 0 P 10 
L 0.76465305 0.06607096 0.76607205 0.06715502 0 P 10 
L -0.11412795 0.12803799 -0.11419203 0.12425404 0 P 10 
L -0.05651801 0.87535197 -0.05483494 0.872175 0 P 10 
L 0.81939606 0.70985197 0.82387303 0.714369 0 P 10 
L 0.86407904 0.99229498 0.86243701 0.997975 0 P 10 
L 0.69214006 1.14789803 0.685794 1.14878504 0 P 10 
L 0.03057805 1.12328297 0.02637106 1.12193199 0 P 10 
L -0.11637195 0.78810404 -0.11855797 0.78470896 0 P 10 
L -0.07229094 0.89135797 -0.06582697 0.88796703 0 P 10 
L -0.13440295 0.74355797 -0.13483701 0.74090896 0 P 10 
L -0.02264596 -0.00113996 -0.01508996 -0.00089104 0 P 10 
L -0.01508996 -0.00089104 -0.00754203 -0.00050098 0 P 10 
L -0.11133297 0.92508898 -0.10957795 0.92211998 0 P 10 
L 0.81889803 0.12603297 0.81963002 0.12754902 0 P 10 
L 0.82317402 0.137006 0.82363602 0.13862795 0 P 10 
L 0.877194 0.23454803 0.87691102 0.236794 0 P 10 
L -0.12121594 0.96515098 -0.12121703 0.96274104 0 P 10 
L -0.07410098 0.00638002 -0.072644 0.00571703 0 P 10 
L 0.80637598 0.10990404 0.80803898 0.11136496 0 P 10 
L -0.0926 1.03975699 -0.09515 1.03686201 0 P 10 
L -0.04704498 0.849519 -0.04715699 0.848781 0 P 10 
L -0.079719 0.00943504 -0.07834902 0.00861004 0 P 10 
L 0.85671004 0.76094902 0.85949104 0.76666604 0 P 10 
L 0.721281 0.02166604 0.72297707 0.02339104 0 P 10 
L -0.10562195 0.04761299 -0.10559094 0.04766398 0 P 10 
L -0.03902195 0.253331 -0.03985098 0.252175 0 P 10 
L 0.71055098 0.01319902 0.71283799 0.01469705 0 P 10 
L -0.057994 0.22999705 -0.06124596 0.22703898 0 P 10 
L 0.22293406 0.01902697 0.64503199 0.00267205 0 P 10 
L -0.11251102 0.14307303 -0.11311398 0.13933701 0 P 10 
L 0.87574006 0.19834902 0.87635699 0.20252402 0 P 10 
L 0.76335 1.12465797 0.75813602 1.127369 0 P 10 
L -0.13174498 0.755369 -0.13278297 0.75147303 0 P 10 
L -0.10556102 0.04770699 -0.10553199 0.04774104 0 P 10 
L 0.87450699 0.19193898 0.87498199 0.19419498 0 P 10 
L 0.73414498 0.03906998 0.73525207 0.04121801 0 P 10 
L -0.12617195 0.77048396 -0.12776801 0.76678199 0 P 10 
L -0.08995295 1.04255502 -0.0926 1.03975699 0 P 10 
L -0.040894 1.07835295 -0.04245502 1.07638799 0 P 10 
L -0.05033996 0.86233898 -0.04915699 0.85921299 0 P 10 
L -0.11785699 0.31137795 -0.11562795 0.30846201 0 P 10 
L -0.10885896 0.15776398 -0.10995197 0.15413701 0 P 10 
L -0.11981801 0.98195295 -0.12046201 0.97717402 0 P 10 
L -0.03763701 1.08216998 -0.03928799 1.08028002 0 P 10 
L -0.08237795 0.01120797 -0.08106299 0.01030098 0 P 10 
L -0.10720699 0.05309705 -0.10591594 0.04676201 0 P 10 
L -0.02959301 0.271969 -0.02954793 0.271481 0 P 10 
L -0.11993701 0.31440295 -0.11785699 0.31137795 0 P 10 
L -0.046931 0.275425 -0.04473494 0.27516998 0 P 10 
L 0.68011398 0.002575 0.68243701 0.00293898 0 P 10 
L 0.83568199 1.05709203 0.83243297 1.06203396 0 P 10 
L 0.70474803 1.14563898 0.69846004 1.14685 0 P 10 
L 0 0 0.00753602 0.00058297 0 P 10 
L -0.10553199 0.04774104 -0.10550295 0.04776703 0 P 10 
L -0.05922402 1.06551398 -0.06257402 1.06360699 0 P 10 
L 0.72297707 0.02339104 0.72460502 0.02517598 0 P 10 
L -0.09059695 0.90204104 -0.08828297 0.90048504 0 P 10 
L -0.04831496 0.84693602 -0.050044 0.84533002 0 P 10 
L -0.08898701 0.01685197 -0.087331 0.01526201 0 P 10 
L 0.74741998 0.05683002 0.74908504 0.05746998 0 P 10 
L 0.109119 1.13473002 0.09673406 1.13425098 0 P 10 
L -0.097531 0.18303504 -0.09968494 0.17919203 0 P 10 
L -0.05999301 0.27793996 -0.05566201 0.27695502 0 P 10 
L -0.09515 1.03686201 -0.09700699 1.03462303 0 P 10 
L -0.10336201 0.17187205 -0.10489902 0.16841299 0 P 10 
L 0.87749104 0.828181 0.87834203 0.83463002 0 P 10 
L -0.06817402 0.00396102 -0.06665699 0.00345197 0 P 10 
L 0.634106 1.150475 0.62966398 1.15019803 0 P 10 
L -0.09453898 0.29047303 -0.09210197 0.28908799 0 P 10 
L -0.10568396 0.04748396 -0.10565197 0.04755295 0 P 10 
L -0.09283396 0.90364498 -0.09059695 0.90204104 0 P 10 
L -0.044069 -0.00070404 -0.03871703 -0.00101998 0 P 10 
L 0.82387303 0.714369 0.82819104 0.71903504 0 P 10 
L 0.829044 1.06688199 0.82551398 1.07163297 0 P 10 
L 0.87988602 0.88012697 0.87952106 0.88662598 0 P 10 
L 0.01395404 1.1173 0.00989606 1.11555896 0 P 10 
L -0.11295 0.92813602 -0.11133297 0.92508898 0 P 10 
L -0.03021703 0.26756801 -0.03043396 0.26697303 0 P 10 
L 0.78614803 0.09314203 0.78719203 0.095469 0 P 10 
L 0.768056 0.06876703 0.76996506 0.07045896 0 P 10 
L 0.88013297 0.860594 0.88019606 0.867106 0 P 10 
L -0.09526496 0.18680896 -0.097531 0.18303504 0 P 10 
L -0.05246594 0.843394 -0.055494 0.84115404 0 P 10 
L -0.10957795 0.92211998 -0.10768701 0.91923602 0 P 10 
L -0.04195394 0.24948701 -0.04336703 0.24768898 0 P 10 
L -0.09496398 0.90529203 -0.09283396 0.90364498 0 P 10 
L -0.02954793 0.271481 -0.02954203 0.270969 0 P 10 
L -0.08491998 0.01314902 -0.08366496 0.01215797 0 P 10 
L 0.86209104 0.77246801 0.86450699 0.77834803 0 P 10 
L 0.85229902 0.27590098 0.85029606 0.27706496 0 P 10 
L 0.66664902 1.15051801 0.66024902 1.15079705 0 P 10 
L -0.048931 1.07075404 -0.05239793 1.06908504 0 P 10 
L -0.030625 1.08934902 -0.03243602 1.08761102 0 P 10 
L -0.08453996 0.28539902 -0.08194793 0.28432402 0 P 10 
L -0.07553898 0.00708297 -0.07410098 0.00638002 0 P 10 
L -0.11388898 0.116681 -0.113331 0.10950896 0 P 10 
L 0.68780699 0.00397598 0.69046801 0.00462904 0 P 10 
L -0.12674596 0.32740404 -0.12527293 0.32403504 0 P 10 
L -0.12923199 0.76302697 -0.13055896 0.75922096 0 P 10 
L 0.78331102 1.11227402 0.77846299 1.115594 0 P 10 
L 0.87647106 0.82175699 0.87749104 0.828181 0 P 10 
L -0.09042195 0.19415295 -0.092894 0.19051496 0 P 10 
L 0.77356004 0.07406398 0.77524803 0.075969 0 P 10 
L 0.053731 1.12903297 0.04765906 1.12776703 0 P 10 
L -0.11855797 0.78470896 -0.12063602 0.78124596 0 P 10 
L 0.87063297 0.79639498 0.87236398 0.80267697 0 P 10 
L -0.10680699 1.02021102 -0.10820502 1.01766201 0 P 10 
L -0.11891801 0.94430197 -0.11801201 0.94096801 0 P 10 
L 0.77846299 1.115594 0.77351801 1.11876801 0 P 10 
L 0.84099301 0.15093701 0.84312106 0.15180404 0 P 10 
L -0.05469301 0.00057598 -0.05205 0.00016299 0 P 10 
L 0.82571801 0.28567697 0.82170797 0.28645502 0 P 10 
L -0.07671998 0.211369 -0.07962195 0.20805295 0 P 10 
L 0.77524803 0.075969 0.77686201 0.07793799 0 P 10 
L 0.87902805 0.84110098 0.87955305 0.84758701 0 P 10 
L 0.75073504 0.05815 0.75236703 0.058869 0 P 10 
L -0.10539203 0.04778602 -0.10536594 0.04776998 0 P 10 
L 0.82969902 0.28476998 0.82571801 0.28567697 0 P 10 
L 0.87204006 0.25412904 0.87105906 0.25615699 0 P 10 
L 0.73820699 0.04783898 0.73907205 0.050094 0 P 10 
L -0.03811201 0.27480699 -0.035894 0.27483996 0 P 10 
L -0.04886594 0.23933898 -0.050569 0.23648297 0 P 10 
L 0.84312106 0.15180404 0.84521201 0.15274705 0 P 10 
L -0.027994 -0.00119803 -0.02264596 -0.00113996 0 P 10 
L -0.05732293 0.00106004 -0.05469301 0.00057598 0 P 10 
L -0.13574793 0.72486201 -0.13568602 0.722181 0 P 10 
L 0.83364606 0.28372096 0.82969902 0.28476998 0 P 10 
L -0.04543396 1.07234498 -0.048931 1.07075404 0 P 10 
L 0.81806398 1.08078504 0.81415207 1.08516998 0 P 10 
L 0.81812303 0.12453701 0.81889803 0.12603297 0 P 10 
L 0.84616703 0.27917205 0.84405 0.28011604 0 P 10 
L 0.04765906 1.12776703 0.03907598 1.125706 0 P 10 
L 0.87768602 0.223581 0.87767707 0.22780098 0 P 10 
L 0.01805502 1.11894203 0.01395404 1.1173 0 P 10 
L 0.86816604 0.17458297 0.86922106 0.17664104 0 P 10 
L -0.00962402 1.105294 -0.01334902 1.10291801 0 P 10 
L 0.84726398 0.15376998 0.849269 0.154875 0 P 10 
L -0.13278297 0.75147303 -0.13367096 0.74753504 0 P 10 
L -0.07653799 0.8936 -0.07229094 0.89135797 0 P 10 
L -0.09695994 0.90697795 -0.09496398 0.90529203 0 P 10 
L 0.76996506 0.07045896 0.7718 0.07222598 0 P 10 
L 0.85876703 1.009225 0.85673701 1.01478602 0 P 10 
L 0.08437904 1.13335699 0.07206998 1.13200797 0 P 10 
L 0.86450699 0.77834803 0.86673701 0.7843 0 P 10 
L -0.11325197 0.30566004 -0.11072894 0.30298297 0 P 10 
L 0.80963406 0.11289902 0.81115699 0.11450404 0 P 10 
L 0.02637106 1.12193199 0.02219498 1.12048504 0 P 10 
L -0.04710197 0.85136703 -0.04702795 0.85038396 0 P 10 
L -0.05205 0.00016299 -0.04939793 -0.00018504 0 P 10 
L 0.71721201 1.14271299 0.71100098 1.14426102 0 P 10 
L 0.73554705 1.13701604 0.72949006 1.139094 0 P 10 
L -0.08138002 0.82293996 -0.08615197 0.81937303 0 P 10 
L -0.11072894 0.30298297 -0.10806201 0.30043799 0 P 10 
L 0.67942707 1.14951496 0.673044 1.15009203 0 P 10 
L -0.10380394 1.02518996 -0.10533898 1.02272096 0 P 10 
L -0.09692894 0.29193701 -0.09453898 0.29047303 0 P 10 
L -0.08244793 0.204675 -0.085194 0.20123199 0 P 10 
L -0.02980295 0.27286299 -0.02967697 0.272431 0 P 10 
L -0.02302795 1.09591398 -0.02497697 1.094331 0 P 10 
L 0.87767707 0.22780098 0.87757303 0.23004705 0 P 10 
L -0.04939793 -0.00018504 -0.044069 -0.00070404 0 P 10 
L 0.83443799 0.148781 0.83664705 0.14942795 0 P 10 
L -0.06124596 0.22703898 -0.06445197 0.22402303 0 P 10 
L 0.74404705 0.05566703 0.74574006 0.05622904 0 P 10 
L 0.849269 0.154875 0.851225 0.15606496 0 P 10 
L 0.64503199 0.00267205 0.65438504 0.00208297 0 P 10 
L 0.70820305 0.01179705 0.71055098 0.01319902 0 P 10 
L -0.07962195 0.20805295 -0.08244793 0.204675 0 P 10 
L 0.87834203 0.83463002 0.87902805 0.84110098 0 P 10 
L 0.82819104 0.71903504 0.83234606 0.72384301 0 P 10 
L -0.09204793 0.02023996 -0.09055797 0.01851201 0 P 10 
L 0.83879104 1.05206102 0.83568199 1.05709203 0 P 10 
L -0.11169203 0.79468297 -0.11408199 0.79143002 0 P 10 
L -0.12186703 0.31752598 -0.11993701 0.31440295 0 P 10 
L -0.12364596 0.32073898 -0.12186703 0.31752598 0 P 10 
L 0.83755207 0.28251703 0.83364606 0.28372096 0 P 10 
L -0.03123297 0.26519301 -0.031544 0.26461201 0 P 10 
L -0.08366496 0.01215797 -0.08237795 0.01120797 0 P 10 
L -0.10521594 0.0475 -0.10516998 0.04734498 0 P 10 
L -0.031875 0.26404203 -0.03222293 0.26348504 0 P 10 
L 0.87741299 0.23229803 0.877194 0.23454803 0 P 10 
L 0.70084203 0.00816398 0.703344 0.00928002 0 P 10 
L 0.65438504 0.00208297 0.65907205 0.00184902 0 P 10 
L -0.11796496 0.99141398 -0.11898494 0.98670197 0 P 10 
L -0.113331 0.10950896 -0.11270502 0.10234301 0 P 10 
L 0.732975 0.03695699 0.73414498 0.03906998 0 P 10 
L 0.87050699 0.96348199 0.86945699 0.96929498 0 P 10 
L 0.81415207 1.08516998 0.81010699 1.08943297 0 P 10 
L 0.83883297 0.15014596 0.84099301 0.15093701 0 P 10 
L -0.087331 0.01526201 -0.08614301 0.01418396 0 P 10 
L -0.08615197 0.81937303 -0.09081703 0.81572904 0 P 10 
L 0.86829498 0.97508602 0.86701398 0.98085098 0 P 10 
L -0.10378494 0.2968 -0.101556 0.2951 0 P 10 
L -0.10536594 0.04776998 -0.10533996 0.04774498 0 P 10 
